7
Chicago
New_Orleans
Detroit
Filadelfia
New_York
Plymouth
Jamestown
10
Chicago New_Orleans
30
1     0.70762772 0.52587004
2     0.396948143 0.57058605
3     0.062901411 0.73184605
4     0.905650764 0.90307868
5     0.142638126 0.99170251
6     0.757294827 0.57881723
7     0.739820525 0.56043116
8     0.95120629 0.67619686
9     0.537012768 0.19331779
10    0.06191111 0.49444306
11    0.275868185 0.3587841
12    0.147328238 0.01686365
13    0.441533195 0.22132968
14    0.900044339 0.97108886
15    0.191269453 0.3957715
16    0.22372474 0.59642359
17    0.489761603 0.72159776
18    0.416569696 0.18487199
19    0.196927368 0.17502176
20    0.037854313 0.79495866
21    0.154796432 0.04594255
22    0.126034913 0.47868964
23    0.560744052 0.69981689
24    0.615721722 0.86913361
25    0.155956947 0.74454174
26    0.59605365 0.29153964
27    0.633177485 0.61828261
28    0.311339884 0.44210219
29    0.991876966 0.04671795
30    0.101569095 0.2436036
New_Orleans Detroit
10
1     0.902814175 0.75656484
2     0.125498944 0.81814708
3     0.062521653 0.82628294
4     0.480224849 0.44924061
5     0.722161351 0.96844112
6     0.994226969 0.58002902
7     0.423605029 0.77081466
8     0.660394839 0.78407234
9     0.607884462 0.34785461
10    0.799366001 0.96379047
Detroit New_York
10
1     0.43449574 0.60467242
2     0.96129031 0.91953646
3     0.296018977 0.39202783
4     0.354415147 0.95848604
5     0.759066169 0.91483638
6     0.991702034 0.16291204
7     0.775574177 0.12464378
8     0.21892728 0.2006508
9     0.521238832 0.66924449
10    0.604409101 0.37593438
New_York Filadelfia
10
1     0.396266359 0.94667797
2     0.860557743 0.17001889
3     0.479409277 0.92402605
4     0.426907513 0.50890489
5     0.158352044 0.95789784
6     0.789856418 0.46926417
7     0.299391278 0.98258655
8     0.711015491 0.01133543
9     0.372746684 0.11456263
10    0.325146263 0.76125806
New_Orleans Plymouth
10
1     0.850331477 0.80553137
2     0.454746504 0.49626758
3     0.909150725 0.56288118
4     0.943417283 0.861826
5     0.455776636 0.00255228
6     0.703170026 0.32733931
7     0.69332352 0.36471391
8     0.518219002 0.26556006
9     0.307807717 0.92103259
10    0.34572079 0.50290516
Chicago Jamestown
10
1     0.39400327 0.66683647
2     0.112642105 0.13214645
3     0.713070769 0.14504048
4     0.914287614 0.40010922
5     0.192569028 0.54597915
6     0.590598028 0.79775217
7     0.775672719 0.32180613
8     0.192521568 0.52179698
9     0.283368067 0.52830191
10    0.418987143 0.95348507
Chicago New_York
10
1     0.882501126 0.30043148
2     0.062500533 0.81364939
3     0.656568922 0.27408168
4     0.987605678 0.05926016
5     0.256001299 0.23079552
6     0.817364194 0.93860146
7     0.040934047 0.00141386
8     0.588053836 0.1000013
9     0.659222373 0.02525824
10    0.067021611 0.42198452
Detroit Filadelfia
10
1     0.076197768 0.3763046
2     0.242037732 0.17040161
3     0.510985846 0.26777263
4     0.426389276 0.95984939
5     0.570182942 0.97065108
6     0.273195764 0.9486042
7     0.343699393 0.80602078
8     0.695535004 0.4652436
9     0.502926928 0.66214635
10    0.777650043 0.65617042
New_Orleans Filadelfia
10
1     0.291296546 0.2102972
2     0.581517024 0.29453547
3     0.909917707 0.30329118
4     0.185036271 0.36204445
5     0.389052674 0.96623521
6     0.817405762 0.52975562
7     0.07792546 0.47912222
8     0.772836281 0.72943302
9     0.449407934 0.34058523
10    0.203655054 0.39089574
Plymouth New_York
10
1     0.941225518 0.35826699
2     0.503656857 0.59786758
3     0.096564052 0.92282638
4     0.874050274 0.14964885
5     0.94480314 0.87499744
6     0.716293908 0.73652211
7     0.433596312 0.55587337
8     0.218569626 0.95404641
9     0.070051543 0.34187749
10    0.49098138 0.25430697
30
2
Jamestown Detroit
Plymouth New_Orleans

6
Boise
Springfield
Salt_Lake_City
Los_Angeles
Denver
Atlanta
7
Boise Salt_Lake_City
8
1     0.799972492 0.917357076
2     0.963394162 0.9555286
3     0.95926565 0.212972576
4     0.039102298 0.250933739
5     0.970208775 0.742647843
6     0.964106655 0.814317828
7     0.822693317 0.928818826
8     0.961838942 0.325348668
                              6
Los_Angeles Salt_Lake_City
8
1     0.177856334 0.379391643
2     0.015749931 0.260868296
3     0.425169907 0.668560272
4     0.539500377 0.033286194
5     0.023066112 0.713482612
6     0.819021066 0.031425499
7     0.649649489 0.956258238
8     0.782835097 0.385328186
Los_Angeles Denver
8
1     0.56325363 0.199880393
2     0.992220539 0.311782371
3     0.634615066 0.3088947
4     0.677314102 0.579947282
5     0.824669229 0.001555556
6     0.4927968   0.161408137
7     0.256843658 0.65609475
8     0.295586523 0.627055281
Salt_Lake_City Springfield
8
1     0.18182686 0.779278206
2     0.377300738 0.322443374
3     0.68936567 0.846574306
4     0.614710467 0.345543616
5     0.217236248 0.460791962
6     0.130726118 0.377354554
7     0.012792422 0.888461321
8     0.061890481 0.441529268
Salt_Lake_City Atlanta
8
1     0.889811756 0.595288248
2     0.738029083 0.340659645
3     0.42000622 0.797448781
4     0.908378474 0.781612678
5     0.455130144 0.619576098
6     0.062123614 0.156943539
7     0.30093503 0.555975355
8     0.736606689 0.00123908
Denver Atlanta
8
1     0.263473602 0.761772759
2     0.923580465 0.835926858
3     0.87482446 0.734199043
4     0.183935248 0.670832056
5     0.070408395 0.170900513
6     0.648336277 0.791014985
7     0.457053886 0.17724546
8     0.007884162 0.115202801
Springfield Atlanta
8
1     0.470663135 0.862660625
2     0.030869577 0.000735491
3     0.864836627 0.732669334
4     0.792057488 0.472724108
5     0.214851227 0.955554978
6     0.506350362 0.48281223
7     0.959298228 0.477763434
8     0.175205712 0.237521253
29
3
Boise Atlanta
Denver Springfield
Los_Angeles Atlanta
0
